-0.08667676
-0.1216226
-0.3391615
-0.8656567
-1.11602
-1.481053
-2.56865
-3.378227
-3.051651
-3.165071
-3.010965
-3.714903
-4.201004
-3.992543
-3.727186
-3.603565
-3.866835
-4.449295
-5.27773
-5.499393
-5.887441
-6.391411
-6.668326
-5.881498
-6.031555
-6.159156
-6.042199
-6.455196
-6.712965
-6.085713
-5.430927
-5.243504
-5.421582
-6.497884
-5.873914
-6.912735
-6.603802
-3.97606
-5.694442
-5.314336
-4.864008
-6.004347
-7.893119
-10.77027
-12.9072
-14.96077
-14.7357
-12.16141
-13.58415
-13.04492
-10.894
-9.856877
-10.23467
-10.60646
-10.77443
-10.57818
-10.63599
-10.26315
-10.25896
-9.855662
-10.27225
-11.55728
-8.925843
-8.545943
-8.792221
-8.277923
-8.368465
-8.2387
-7.921997
-7.931702
-7.953281
-7.953638
-7.008954
-7.245992
-8.456426
-8.849902
-8.694019
-8.421799
-8.541661
-9.172236
-8.617198
-8.508714
-9.109241
-9.477051
-9.639885
-9.181078
-8.874913
-8.508819
-8.609049
-8.634982
-8.729107
-8.759285
-9.139197
-10.09235
-8.855007
-7.140751
-7.846625
-9.116776
-10.36574
-8.786287
-5.314919
-4.681396
-4.601214
-4.644687
-4.99558
-5.502622
-6.034565
-5.312672
-4.916794
-4.887882
-4.751484
-4.132415
-4.198277
-4.913061
-4.079579
-4.005816
-4.692342
-5.65799
-7.057022
-8.157952
-8.025233
-7.159983
-6.313806
-6.288424
-6.376238
-6.677133
-7.214279
-6.907346
-7.299182
-6.198709
-5.610098
-5.572183
-5.85947
-6.337475
-7.185117
-7.671309
-7.546644
-7.293737
-7.581977
-8.202098
-8.718955
-8.089021
-8.641164
-9.282756
-8.469128
-8.112533
-8.777534
-9.559721
-9.497347
-9.54362
-9.911303
-10.22099
-10.26551
-9.526575
-9.237102
-8.783774
-8.145639
-8.013276
-8.736885
-9.480157
-9.958891
-10.07468
-9.48045
-7.615458
-4.542592
-3.678313
-4.716963
-5.524426
-5.654272
-5.250027
-4.519654
-3.798725
-4.413437
-4.090548
-4.076766
-4.159486
-4.077477
-3.868579
-3.760797
-4.500813
-4.282225
-3.719018
-3.720031
-3.732675
-3.645013
-3.515303
-2.717309
-2.519515
-2.527974
-1.959013
-1.008048
0.2050461
0.1217584
1.152422
1.879838
2.767279
2.002792
1.433188
2.004912
1.804636
1.097928
0.2904608
-0.7133261
-1.413383
-1.404843
-2.272151
-2.545932
-1.84595
-0.12708
2.335077
4.444465
3.005758
0.8400281
-0.120403
0.08345507
0.2227427
-0.3744936
0.4809464
2.06437
2.811433
3.535776
2.898737
3.05802
2.996693
3.191316
3.348323
3.614931
4.443522
4.792423
5.250287
4.759162
3.834762
4.577491
5.475155
4.5093
2.390831
1.33054
1.633068
1.795826
2.046468
2.679145
3.973693
4.556151
4.561848
3.765216
3.455431
3.237559
2.617307
2.25926
2.668187
1.683468
0.5718332
0.3943427
0.0275317
0.01757193
0.3106319
0.3932958
-0.7179838
1.516419
2.389689
2.549876
2.919817
3.480882
4.228898
4.348949
4.457172
4.096738
4.387293
4.348706
5.456628
4.088404
2.236329
2.539897
3.309115
3.172179
2.464203
2.289901
2.330868
1.526906
1.155726
1.25553
1.377406
0.9393294
0.9949718
1.857728
2.571685
2.126241
1.503036
1.529672
1.312836
0.0255081
0.4385457
0.1123612
-0.7866211
-0.08950766
-0.3570173
-0.05159864
-0.6612181
-1.474335
-1.683901
-2.228071
-2.90153
-3.12389
-2.832129
-3.542978
-4.284874
-4.042063
-4.150939
-4.185609
-3.899587
-3.654948
-3.287132
-3.200208
-3.418781
-4.773657
-5.517279
-5.37642
-5.020387
-5.17099
-4.399077
-3.676943
-3.479761
-2.87414
-3.076326
-3.602526
-2.512746
-1.884208
-1.146787
-1.920682
-2.702345
-2.62453
-2.389657
-2.785932
-3.008016
-3.48409
-3.282374
-2.413069
-3.717862
-2.649157
-3.870316
-4.048767
-2.988135
-2.824446
-3.194638
-3.258307
-3.016065
-2.491292
-3.483533
-5.995208
-4.42478
-0.7525676
1.410431
2.580851
3.626442
1.929201
2.998356
3.111375
2.863104
2.828266
3.162058
3.164254
3.313765
3.243377
2.621041
3.143092
4.15171
5.684005
6.373102
6.920686
8.435943
8.724849
7.837677
7.292419
7.096701
7.114837
7.922528
8.040492
8.095561
8.081357
8.036277
8.181433
8.868664
9.263335
9.629915
10.20652
10.94554
10.8364
11.55833
11.65941
11.42466
12.0278
13.27672
12.71129
11.29996
9.606532
9.201995
9.3916
9.596751
9.939237
9.765849
9.094341
9.496821
10.38552
9.653415
9.052007
8.596025
7.196775
6.773114
6.822589
6.760168
6.835369
7.2859
7.604886
7.380627
6.861324
6.598615
6.701829
6.289025
5.932996
6.319492
6.476639
6.129314
5.82599
6.272326
6.886599
7.741971
8.18581
8.425686
8.252693
8.426172
8.313915
7.461663
7.202253
8.139947
9.313471
10.60032
11.39795
11.23818
10.96595
10.78683
10.50826
10.74328
10.26542
10.57581
11.51811
10.97261
11.11162
13.04036
13.00597
13.32724
13.07164
13.55579
14.16616
15.07317
14.24107
13.56357
13.29565
13.07929
12.74359
12.17022
12.29659
11.87835
12.60933
11.91164
11.42484
11.72899
12.14366
12.13346
12.09256
12.54227
11.8978
10.77222
10.66992
10.57108
11.13044
11.96901
12.26657
11.61235
11.29345
11.16166
11.04328
10.4887
10.54854
10.15687
9.728687
9.831358
9.548468
9.687437
9.147735
6.630293
6.471745
7.724322
7.880364
8.010721
7.557759
7.181895
6.25715
6.886982
9.387699
12.31866
13.24358
13.204
12.5182
12.77477
12.92604
12.54667
11.65324
11.04351
10.5027
10.06006
9.343651
10.22278
10.7941
11.26598
9.891925
8.399493
7.544476
6.50512
7.398857
6.295712
5.939964
6.743132
7.133258
6.790025
7.1291
7.511479
7.080171
5.969501
7.403927
7.164392
4.460631
4.439639
5.277973
4.719204
2.838628
1.911399
2.365198
3.051251
2.972808
2.398987
2.343798
2.497642
2.819257
2.757909
3.090363
2.815371
2.361884
2.616853
3.341054
2.331285
1.82213
2.169678
1.565827
1.579085
1.304167
1.695088
2.392885
3.019837
3.308466
3.734384
4.712576
6.73814
7.511745
6.480458
6.007432
6.115431
6.090847
6.312196
6.948596
6.872374
6.549624
6.657365
6.488004
6.40279
5.544818
4.089598
2.238844
0.4727132
-0.8206418
-0.8865849
-0.2175651
-0.4270393
-1.27077
-2.310802
-3.007914
-3.300765
-3.141525
-3.187271
-4.240443
-4.817259
-4.322667
-3.269104
-3.533273
-5.003307
-2.83348
-1.867814
-2.126256
-1.965026
-2.642196
-3.627075
-5.001587
-6.274088
-6.547086
-7.120959
-7.010752
-6.631248
-6.973571
-7.053926
-6.641182
-5.890897
-5.747684
-5.863983
-5.924715
-5.297586
-4.151783
-3.022161
-2.887919
-2.817358
-2.53378
-2.936786
-4.278327
-4.134853
-4.955112
-5.535704
-5.422834
-5.108468
-4.883905
-5.169875
-4.806389
-3.407806
-1.86472
-3.283533
-1.769124
-0.6614203
-0.4824287
-0.05229042
0.05141584
-0.007833264
0.4320737
1.091548
1.891797
3.823907
5.662536
6.382411
5.414995
7.727925
7.903678
10.13658
12.53728
14.52738
15.12389
15.28567
15.51155
15.47951
15.38235
15.81069
15.91662
14.9177
14.26249
14.42697
14.8659
15.34543
14.60556
14.49468
15.18828
16.27662
16.49553
16.24389
16.86307
15.93231
14.75629
14.7881
14.09435
13.91776
14.97585
15.43971
15.31325
15.46986
15.44306
15.75197
16.44706
16.70206
16.17669
15.0577
14.10403
14.35861
13.35706
10.43939
7.926382
7.755969
7.427016
7.744989
8.285901
8.319259
8.648451
9.050481
8.941358
8.945406
9.298595
9.632315
9.411135
9.705773
10.6263
11.18519
11.36093
11.36176
12.31356
13.06744
13.12176
11.94556
9.639907
8.64546
8.677775
8.85138
9.293283
9.373784
9.875238
9.536926
8.37102
6.850748
7.102083
7.430816
7.752566
7.783829
7.434387
7.108281
6.128973
4.622771
2.575147
3.322439
3.22765
3.498705
5.007106
5.370787
5.40075
4.657401
3.552535
3.246431
3.402283
3.117767
4.409859
4.508021
4.236601
4.551688
4.684139
4.389486
4.784967
6.117509
6.617725
6.85407
6.931259
7.363599
6.891664
8.327727
8.219545
6.258548
5.043889
4.893005
5.676811
6.772483
7.248173
6.667466
5.721804
5.291051
6.405144
4.870395
6.014451
6.050719
7.272251
6.290585
5.608403
5.183459
5.509007
6.84529
9.371138
11.85098
15.15827
19.36097
20.47079
20.5564
20.19648
19.83549
20.33803
20.98195
21.41668
21.02286
20.37256
19.74375
19.76091
19.38884
19.4959
19.06134
20.04658
21.26192
21.07152
20.98255
20.89248
20.98498
21.18772
20.77996
20.06375
20.00839
20.88385
22.17565
22.05052
22.32594
22.57481
22.69349
22.88162
24.12674
23.35579
22.80519
22.0478
22.14434
23.09747
24.55843
23.01567
22.76286
24.50124
24.64164
24.23858
24.15252
24.30738
24.70198
25.55371
25.8282
25.88034
27.05474
28.09624
28.45108
27.89301
27.58685
27.48888
27.43435
27.17449
26.70037
26.13585
25.81808
26.38691
27.45631
27.54214
26.52373
25.3276
24.57531
24.4469
24.1775
25.07334
25.31373
24.54933
24.13669
23.62751
23.49294
23.64667
23.86242
23.18101
22.9797
23.21728
22.62842
23.00644
23.9698
25.89437
26.94214
27.08411
27.13892
27.19186
26.37923
24.51897
23.68979
23.37108
23.26598
22.33423
20.42756
18.21458
18.85775
18.10087
16.27613
15.81311
15.70975
15.70475
16.77928
16.13838
15.21243
14.75885
15.39419
15.14686
14.7699
15.09471
14.69163
15.5355
16.85161
16.36083
16.33451
16.41475
16.49754
16.52779
16.98728
16.38954
15.51444
15.13553
14.59495
13.72714
13.39653
13.3309
12.15329
12.74471
13.61069
14.99424
16.43569
16.46182
17.84734
22.8284
20.32237
19.96332
20.55544
20.47094
20.6274
20.10298
20.00968
20.94677
21.22316
21.07564
21.67035
22.63459
21.75182
21.41548
22.38733
24.04214
25.16064
25.86743
25.37086
25.24484
24.89089
24.3731
24.7125
24.24765
24.1015
24.41189
24.54209
25.37144
24.90432
25.01318
25.22748
25.08057
25.23504
24.84555
23.77004
22.92873
23.74574
24.31829
24.49605
24.48204
24.65143
24.29543
24.76965
25.57476
25.31458
25.10546
25.44357
25.90054
26.81921
26.70086
27.15751
28.31564
28.58002
28.05855
27.17517
27.18472
27.31536
28.09414
28.94387
28.94528
28.33077
27.71022
27.71621
27.5957
27.73827
27.69628
27.56288
27.20969
28.06474
28.91208
29.20542
28.48794
28.6447
28.23976
27.22873
27.58071
27.58033
26.45876
27.68269
24.76679
24.83018
27.63126
27.47573
27.41012
27.91401
28.57726
29.1566
29.18469
29.54311
